0.08435652405023575 3.565890915879777e-10 0.46134302020072937 0.03820457682013512 -0.919264018535614 -0.3807716369628906 0.09223400056362152 1 
0.09835094958543777 0.005133514292538166 0.4577024579048157 0.04436850547790527 -0.9100361466407776 -0.40268826484680176 0.08779427409172058 1 
0.10621098428964615 0.008123809471726418 0.4554715156555176 0.04809092730283737 -0.9046065807342529 -0.4148634672164917 0.08522122353315353 1 
0.11463557928800583 0.011430689133703709 0.45290783047676086 0.05219053849577904 -0.8985928893089294 -0.4278184771537781 0.08233049511909485 1 
0.12505707144737244 0.015705838799476624 0.4495188593864441 0.05740329995751381 -0.8908241391181946 -0.4438167214393616 0.07851208001375198 1 
0.13581860065460205 0.020309193059802055 0.4457211494445801 0.0629173070192337 -0.8824564218521118 -0.4602087438106537 0.07429762184619904 1 
0.1476193219423294 0.02559923380613327 0.44122105836868286 0.0690966472029686 -0.8728443384170532 -0.47808241844177246 0.0693238228559494 1 
0.15991804003715515 0.031365904957056046 0.4361153542995453 0.07566632330417633 -0.8623548150062561 -0.4965437352657318 0.06374409794807434 1 
0.1725233942270279 0.03753785043954849 0.4304068684577942 0.08251974731683731 -0.8511120080947876 -0.5152493715286255 0.05759410560131073 1 
0.18560387194156647 0.044227465987205505 0.4239996671676636 0.08970146626234055 -0.8389168381690979 -0.5344168543815613 0.05070396140217781 1 
0.19853201508522034 0.05110132321715355 0.41709017753601074 0.09685735404491425 -0.826362669467926 -0.5530465245246887 0.04339441657066345 1 
0.21170616149902344 0.058398570865392685 0.4095587730407715 0.10405118018388748 -0.8130443692207336 -0.5717376470565796 0.03533215820789337 1 
0.2246001809835434 0.06579815596342087 0.40153008699417114 0.11104109138250351 -0.79950350522995 -0.5896955728530884 0.026891987770795822 1 
0.23737289011478424 0.07338903099298477 0.3929216265678406 0.11782442778348923 -0.7855762243270874 -0.607178270816803 0.017947109416127205 1 
0.2498559206724167 0.08102694898843765 0.38374385237693787 0.12432987987995148 -0.771472692489624 -0.6239365935325623 0.008672520518302917 1 
0.26196280121803284 0.08862947672605515 0.37402427196502686 0.1304512768983841 -0.7573286294937134 -0.6398712992668152 -0.0008434494375251234 1 
0.2737189829349518 0.09616386145353317 0.3636503219604492 0.1362510472536087 -0.7431265711784363 -0.6550477743148804 -0.010537125170230865 1 
0.2849491238594055 0.10349439829587936 0.3527691066265106 0.1415117233991623 -0.7291331887245178 -0.6692749261856079 -0.020259952172636986 1 
0.29566532373428345 0.11057562381029129 0.34129834175109863 0.14631077647209167 -0.7153499722480774 -0.6826227307319641 -0.029897799715399742 1 
0.3057745099067688 0.11732514947652817 0.329363614320755 0.15046629309654236 -0.7019292116165161 -0.6950575709342957 -0.03937534615397453 1 
0.31526219844818115 0.12369099259376526 0.3169582486152649 0.1539873629808426 -0.688898503780365 -0.7066439390182495 -0.04859244450926781 1 
0.3240223526954651 0.12956279516220093 0.3040667772293091 0.15689757466316223 -0.6763725280761719 -0.7173646688461304 -0.05737043544650078 1 
0.33207350969314575 0.1349390745162964 0.29072630405426025 0.15912358462810516 -0.664341151714325 -0.7273339629173279 -0.06569627672433853 1 
0.3392537534236908 0.13961513340473175 0.2769327461719513 0.16081765294075012 -0.65301913022995 -0.7364333868026733 -0.07327870279550552 1 
0.3456878960132599 0.14372213184833527 0.26277244091033936 0.16180193424224854 -0.6422388553619385 -0.7449206709861755 -0.08026646822690964 1 
0.351190984249115 0.147060364484787 0.24834342300891876 0.16228094696998596 -0.6322502493858337 -0.7526426315307617 -0.08633465319871902 1 
0.3559263348579407 0.14977695047855377 0.23373761773109436 0.16209155321121216 -0.6228392720222473 -0.7598649263381958 -0.09166745096445084 1 
0.3598613739013672 0.15182073414325714 0.21906831860542297 0.16132362186908722 -0.61406409740448 -0.7665861248970032 -0.0961553156375885 1 
0.3630029857158661 0.15322142839431763 0.20442894101142883 0.1600274294614792 -0.6058682203292847 -0.7728913426399231 -0.09976979345083237 1 
0.3654143512248993 0.1540345847606659 0.1897430717945099 0.15819378197193146 -0.5980865955352783 -0.7789385914802551 -0.10257625579833984 1 
0.3669978976249695 0.15418720245361328 0.1752796769142151 0.15601752698421478 -0.5908820033073425 -0.7846112251281738 -0.1044144257903099 1 
0.36788636445999146 0.15379787981510162 0.1608247011899948 0.1533910036087036 -0.5839488506317139 -0.7901607751846313 -0.10545532405376434 1 
0.36801648139953613 0.15285372734069824 0.1467084288597107 0.15052083134651184 -0.5774463415145874 -0.7954549193382263 -0.10559689253568649 1 
0.36752769351005554 0.15144869685173035 0.13285842537879944 0.14733834564685822 -0.5711699724197388 -0.8006454706192017 -0.1049913763999939 1 
0.3664607107639313 0.14962591230869293 0.11942330002784729 0.1439436972141266 -0.5651319622993469 -0.8057040572166443 -0.10366816073656082 1 
0.36490997672080994 0.14745979011058807 0.10658114403486252 0.14040695130825043 -0.5593664050102234 -0.8105857968330383 -0.10171450674533844 1 
0.3628847897052765 0.14493821561336517 0.09406724572181702 0.13669757544994354 -0.5536892414093018 -0.8154217004776001 -0.09914403408765793 1 
0.3605166971683502 0.14216871559619904 0.08251640945672989 0.13312777876853943 -0.5484821200370789 -0.819884181022644 -0.09609568119049072 1 
0.35776835680007935 0.1391104757785797 0.07135815173387527 0.12952151894569397 -0.5433606505393982 -0.8242683410644531 -0.09254787862300873 1 
0.35481366515159607 0.1359243541955948 0.06125858798623085 0.12622511386871338 -0.5387455821037292 -0.8282195329666138 -0.08872900903224945 1 
0.3517066538333893 0.1326558142900467 0.05194905027747154 0.12314159423112869 -0.5344260334968567 -0.8318954110145569 -0.08470647782087326 1 
0.34855908155441284 0.1294011026620865 0.0435616709291935 0.12036903947591782 -0.5305020213127136 -0.8352113366127014 -0.08062867075204849 1 
0.34567713737487793 0.12644612789154053 0.036552537232637405 0.11807210743427277 -0.5271771550178528 -0.8379931449890137 -0.07688181102275848 1 
0.3428434133529663 0.1235688328742981 0.030144548043608665 0.11596473306417465 -0.5240606069564819 -0.8405687808990479 -0.07319042086601257 1 
0.34074079990386963 0.12142974138259888 0.025705786421895027 0.11458587646484375 -0.5219396948814392 -0.8423107266426086 -0.07043927907943726 1 
0.3388465642929077 0.1195121482014656 0.02186618372797966 0.11339404433965683 -0.5200685858726501 -0.8438319563865662 -0.06795773655176163 1 
0.3377661108970642 0.11840415000915527 0.019742172211408615 0.11277494579553604 -0.519049882888794 -0.8446553349494934 -0.0665321871638298 1 
0.33720216155052185 0.11782766878604889 0.01865006797015667 0.11245505511760712 -0.5185201168060303 -0.8450815081596375 -0.06578823924064636 1 
0.33720216155052185 0.11782766878604889 0.01865006797015667 0.11245505511760712 -0.5185201168060303 -0.8450815081596375 -0.06578823924064636 1 
0.33720216155052185 0.11782766878604889 0.01865006797015667 0.11245505511760712 -0.5185201168060303 -0.8450815081596375 -0.06578823924064636 1 
0.33720216155052185 0.11782766878604889 0.01865006797015667 0.11245505511760712 -0.5185201168060303 -0.8450815081596375 -0.06578823924064636 0 
0.33720216155052185 0.11782766878604889 0.01865006797015667 0.11245505511760712 -0.5185201168060303 -0.8450815081596375 -0.06578823924064636 0 
0.33720216155052185 0.11782766878604889 0.01865006797015667 0.11245505511760712 -0.5185201168060303 -0.8450815081596375 -0.06578823924064636 0 
0.33720216155052185 0.11782766878604889 0.01865006797015667 0.11245505511760712 -0.5185201168060303 -0.8450815081596375 -0.06578823924064636 0 
0.33720216155052185 0.11782766878604889 0.01865006797015667 0.11245505511760712 -0.5185201168060303 -0.8450815081596375 -0.06578823924064636 0 
0.33720216155052185 0.11782766878604889 0.01865006797015667 0.11245505511760712 -0.5185201168060303 -0.8450815081596375 -0.06578823924064636 0 
0.33720216155052185 0.11782766878604889 0.01865006797015667 0.11245505511760712 -0.5185201168060303 -0.8450815081596375 -0.06578823924064636 0 
0.33720216155052185 0.11782766878604889 0.01865006797015667 0.11245505511760712 -0.5185201168060303 -0.8450815081596375 -0.06578823924064636 0 
0.33720216155052185 0.11782766878604889 0.01865006797015667 0.11245505511760712 -0.5185201168060303 -0.8450815081596375 -0.06578823924064636 0 
0.33720216155052185 0.11782766878604889 0.01865006797015667 0.11245505511760712 -0.5185201168060303 -0.8450815081596375 -0.06578823924064636 0 
0.33720216155052185 0.11782766878604889 0.01865006797015667 0.11245505511760712 -0.5185201168060303 -0.8450815081596375 -0.06578823924064636 0 
0.33720216155052185 0.11782766878604889 0.01865006797015667 0.11245505511760712 -0.5185201168060303 -0.8450815081596375 -0.06578823924064636 0 
0.33720216155052185 0.11782766878604889 0.01865006797015667 0.11245505511760712 -0.5185201168060303 -0.8450815081596375 -0.06578823924064636 0 
0.33720216155052185 0.11782766878604889 0.01865006797015667 0.11245505511760712 -0.5185201168060303 -0.8450815081596375 -0.06578823924064636 0 
0.33720216155052185 0.11782766878604889 0.01865006797015667 0.11245505511760712 -0.5185201168060303 -0.8450815081596375 -0.06578823924064636 0 
0.33720216155052185 0.11782766878604889 0.01865006797015667 0.11245505511760712 -0.5185201168060303 -0.8450815081596375 -0.06578823924064636 0 
0.3372073471546173 0.11782924830913544 0.028643645346164703 0.1124534085392952 -0.5185175538063049 -0.8450831174850464 -0.06579025089740753 0 
0.3372068405151367 0.11782942712306976 0.03864395245909691 0.11245360970497131 -0.5185170769691467 -0.8450834155082703 -0.06579012423753738 0 
0.3372035026550293 0.11783351004123688 0.04864642769098282 0.1124599426984787 -0.5185169577598572 -0.8450826406478882 -0.0657898560166359 0 
0.3372023105621338 0.11783745139837265 0.05864798277616501 0.11246521770954132 -0.5185182690620422 -0.8450813293457031 -0.06578787416219711 0 
0.33720308542251587 0.11783677339553833 0.06863558292388916 0.11245999485254288 -0.5185176134109497 -0.8450822234153748 -0.06579077988862991 0 
0.3372046947479248 0.11783844977617264 0.07863576710224152 0.11246155202388763 -0.5185160040855408 -0.8450828790664673 -0.06579098105430603 0 
0.337203711271286 0.11783958971500397 0.08863627910614014 0.11246068775653839 -0.5185161232948303 -0.8450827598571777 -0.0657929927110672 0 
0.3372015058994293 0.11783939599990845 0.09863613545894623 0.11245852708816528 -0.5185178518295288 -0.84508216381073 -0.06579173356294632 0 
0.3372020423412323 0.11783906817436218 0.10863429307937622 0.11245977878570557 -0.5185202956199646 -0.8450804948806763 -0.06579116731882095 0 
0.33720436692237854 0.11783760786056519 0.11863251775503159 0.1124572828412056 -0.5185195803642273 -0.845081090927124 -0.06579413264989853 0 
0.3372102975845337 0.11783917993307114 0.1286316215991974 0.11245972663164139 -0.5185157060623169 -0.8450829982757568 -0.06579601764678955 0 
0.3372085392475128 0.11783797293901443 0.138630673289299 0.11246270686388016 -0.5185158252716064 -0.8450827598571777 -0.06579306721687317 0 
0.3372070789337158 0.11783772706985474 0.1486319899559021 0.11246573179960251 -0.5185142755508423 -0.8450835943222046 -0.06578968465328217 0 
0.3372077941894531 0.11784016340970993 0.15863244235515594 0.11246807128190994 -0.518514096736908 -0.845083475112915 -0.06578850746154785 0 
0.3372113108634949 0.11783193051815033 0.16863170266151428 0.11246982961893082 -0.518510103225708 -0.8450859785079956 -0.06578387320041656 0 
0.3372113108634949 0.11783193051815033 0.16863170266151428 0.11246982961893082 -0.518510103225708 -0.8450859785079956 -0.06578387320041656 0 
